8.00  12.00  4.00  10.00  8.00  8.00  10.00  10.00  
6.34  10.45  2.24  8.40  6.34  6.34  8.40  8.40  
4.99  9.21  0.78  7.10  4.99  4.99  7.10  7.10  
3.89  8.22  -0.00  6.06  3.89  3.89  6.06  6.06  
2.98  7.42  -0.00  5.20  2.98  2.98  5.20  5.20  
2.21  6.77  -0.00  4.49  2.21  2.21  4.49  4.49  
1.55  6.23  -0.00  3.89  1.55  1.55  3.89  3.89  
0.99  5.80  -0.00  3.39  0.99  0.99  3.39  3.39  
0.51  5.45  -0.00  2.98  0.51  0.51  2.98  2.98  
0.10  5.17  -0.00  2.63  0.10  0.10  2.63  2.63  
-0.00  4.95  -0.00  2.35  -0.00  -0.00  2.35  2.35  
-0.00  4.76  -0.00  2.09  -0.00  -0.00  2.09  2.09  
-0.00  4.59  -0.00  1.85  -0.00  -0.00  1.85  1.85  
-0.00  4.45  -0.00  1.63  -0.00  -0.00  1.63  1.63  
-0.00  4.32  -0.00  1.42  -0.00  -0.00  1.42  1.42  
-0.00  4.20  -0.00  1.23  -0.00  -0.00  1.23  1.23  
-0.00  4.10  -0.00  1.05  -0.00  -0.00  1.05  1.05  
-0.00  4.02  -0.00  0.89  -0.00  -0.00  0.89  0.89  
-0.00  3.95  -0.00  0.73  -0.00  -0.00  0.73  0.73  
-0.00  3.89  -0.00  0.59  -0.00  -0.00  0.59  0.59  
-0.00  3.84  -0.00  0.45  -0.00  -0.00  0.45  0.45  
-0.00  3.80  -0.00  0.33  -0.00  -0.00  0.33  0.33  
-0.00  3.78  -0.00  0.21  -0.00  -0.00  0.21  0.21  
-0.00  3.76  -0.00  0.10  -0.00  -0.00  0.10  0.10  
-0.00  3.75  -0.00  -0.00  -0.00  -0.00  -0.00  -0.00  
-0.00  3.75  -0.00  -0.00  -0.00  -0.00  -0.00  -0.00  